
start_x = 0.667322303443717
start_y = -0.28055784447689225
start_theta = 2.1338337237587206

goal_x = 0.5802445772549019
goal_y = 1.4471371826750423
goal_theta = 1.9501364819754716

obs.0.x = 0.8932485222368756
obs.0.y = 0.9230043837008974
obs.0.theta = -0.03077228733284638

obs.1.x = -0.15524464053349707
obs.1.y = 0.6475561024188234
obs.1.theta = 3.0613619403407224

