
start_x = 0.6648442312684677
start_y = -0.2833397228506719
start_theta = 2.1317845948353282

goal_x = 0.5201017863579049
goal_y = 1.5576067448433255
goal_theta = 2.0565830026341048

obs.0.x = 0.885397714343223
obs.0.y = 0.7220334399641373
obs.0.theta = 3.0334086566586627

obs.1.x = -0.2239577367478539
obs.1.y = 0.8497646019095815
obs.1.theta = -1.9370714847067043

