
start_x = 0.6410248735762121
start_y = -0.18556804098402968
start_theta = 3.074534026354114

goal_x = 0.2612129982963164
goal_y = 1.4002281282014521
goal_theta = 3.0095815315890593

obs.0.x = 1.074481727154324
obs.0.y = 1.2735544380077688
obs.0.theta = -0.46904471831399097

obs.1.x = 0.0021637796488653827
obs.1.y = 0.6662909296776056
obs.1.theta = -2.4759031527404813

