
start_x = 0.4772195656409308
start_y = -0.2283758226694108
start_theta = 1.5208298139528595

goal_x = 0.45488368712581767
goal_y = 1.4389786286409985
goal_theta = 3.0458420658256657

obs.0.x = 1.025443837257298
obs.0.y = 0.6860348867110992
obs.0.theta = 3.045231681298596

obs.1.x = -0.17796207968257555
obs.1.y = 0.8384665584021986
obs.1.theta = 3.089723419947033

