
start_x = 0.6609606674704769
start_y = -0.2850119739337087
start_theta = 2.1331176636061047

goal_x = -0.12577278835227626
goal_y = 1.2585723650547211
goal_theta = 2.980837296318128

obs.0.x = 0.9797407360113183
obs.0.y = 0.736577801176332
obs.0.theta = 2.665402100721904

obs.1.x = -0.1570915727829755
obs.1.y = 0.6425802589695269
obs.1.theta = 3.0609567468145067

