
start_x = 1.0376069332634466
start_y = -0.19563273493005906
start_theta = 2.164686339064857

goal_x = 0.4164927985651571
goal_y = 1.4371333972445275
goal_theta = -2.1886166771802467

obs.0.x = 1.1150284832186506
obs.0.y = 0.6756662857570437
obs.0.theta = 0.954422001044018

obs.1.x = -0.17213617217951901
obs.1.y = 0.7308461496363075
obs.1.theta = -2.5522645741712715

