
start_x = 0.5318304930141202
start_y = -0.22655834377133177
start_theta = 2.2910711495705067

goal_x = 1.1391035145765829
goal_y = 1.3556548967724533
goal_theta = -0.799422951959954

obs.0.x = 1.1030805637149421
obs.0.y = 0.6268016875761464
obs.0.theta = -0.5897726336937423

obs.1.x = -0.13810935396242327
obs.1.y = 0.7462942819848821
obs.1.theta = -0.4785263187954246

