
start_x = 0.6666180885598942
start_y = -0.2827182275694684
start_theta = 2.1320714984533478

goal_x = 0.19350821436660254
goal_y = 1.7658250137937057
goal_theta = -3.053703483928131

obs.0.x = 0.9745340672715062
obs.0.y = 0.5051784401477397
obs.0.theta = 2.7712948089033564

obs.1.x = -0.08238442925618866
obs.1.y = 0.8750551033101419
obs.1.theta = -2.173286161228046

