
start_x = 0.6572939362724177
start_y = -0.2538330367758561
start_theta = 2.044083629595067

goal_x = 0.7642029846237235
goal_y = 1.4256596433069764
goal_theta = -2.2171367135004756

obs.0.x = 1.0095661973597965
obs.0.y = 0.6745759642954967
obs.0.theta = 3.046762981148086

obs.1.x = -0.1821043702630059
obs.1.y = 0.830313616861651
obs.1.theta = 3.08892236415312

