
start_x = 0.530474566809388
start_y = -0.2295281809951646
start_theta = 2.2904359204349207

goal_x = 0.2120674591272099
goal_y = 1.2015763880196009
goal_theta = 2.129612104083891

obs.0.x = 1.0259128134214457
obs.0.y = 0.7216491449219247
obs.0.theta = 0.378901394091099

obs.1.x = -0.13819841936752883
obs.1.y = 0.7432154723527897
obs.1.theta = -0.477972475267367

