
start_x = 0.6661804643403564
start_y = -0.2811558161049178
start_theta = 2.1317198591389857

goal_x = 0.17233973894376353
goal_y = 1.478829758719866
goal_theta = 1.658929686092996

obs.0.x = 0.9563033251116976
obs.0.y = 0.5825036688073355
obs.0.theta = -2.356369938417972

obs.1.x = -0.15178479608783635
obs.1.y = 0.8882095288870893
obs.1.theta = -1.8051385384053351

