
start_x = 0.6580985043905162
start_y = -0.25203280210645795
start_theta = 2.0440890560386875

goal_x = 0.890625374388665
goal_y = 1.5994646893810391
goal_theta = -2.0998554374456773

obs.0.x = 1.0110245406906577
obs.0.y = 0.675351082540609
obs.0.theta = 3.045521531793098

obs.1.x = -0.18108482250595065
obs.1.y = 0.8292185929021132
obs.1.theta = 3.0888828030021735

