
start_x = 1.0449570802397603
start_y = -0.1895357599238945
start_theta = 2.1641508366904887

goal_x = 0.4174904736744681
goal_y = 1.4405563484706625
goal_theta = -2.187346830440327

obs.0.x = 1.2205838650077556
obs.0.y = 0.7077769093525312
obs.0.theta = 0.4235860817513523

obs.1.x = -0.08563147825917794
obs.1.y = 0.9531240403766064
obs.1.theta = -2.8022694041456147

