
start_x = 0.6648696954573408
start_y = -0.2471112544264007
start_theta = 2.0435296619088215

goal_x = 0.2547539287665369
goal_y = 1.6969569342254482
goal_theta = -2.280490547052819

obs.0.x = 1.0205894220209868
obs.0.y = 0.6810787457093563
obs.0.theta = 3.047436754398798

obs.1.x = -0.17999863536841987
obs.1.y = 0.8385829537269458
obs.1.theta = 3.09089869918354

