
start_x = 0.664278869918228
start_y = -0.2829023804024866
start_theta = 2.13210441095995

goal_x = 0.21404265519257626
goal_y = 1.5754299027477459
goal_theta = 2.146488983193735

obs.0.x = 0.9342030622774208
obs.0.y = 0.8516822024644028
obs.0.theta = -2.801778465691921

obs.1.x = -0.15035764822371056
obs.1.y = 0.8834054988035305
obs.1.theta = -1.8083689350962342

