
start_x = 0.520717022672875
start_y = -0.23329855084092554
start_theta = 2.2860955476769527

goal_x = -0.05123976815526554
goal_y = 1.5812853778742568
goal_theta = 0.6143734667693531

obs.0.x = 0.930534978703282
obs.0.y = 0.6100432707601273
obs.0.theta = -0.8039580292768644

obs.1.x = -0.17876634957814574
obs.1.y = 0.6960904590392103
obs.1.theta = 1.4940472014896509

