
start_x = 0.6462099970988464
start_y = -0.181215210175371
start_theta = 3.072822006595779

goal_x = 0.8995695253346219
goal_y = 1.5336702801277127
goal_theta = -2.8144899253528997

obs.0.x = 1.2344458770728064
obs.0.y = 0.7652539392963378
obs.0.theta = -0.015771017883950467

obs.1.x = -0.05242195050540166
obs.1.y = 0.6889858906024287
obs.1.theta = -2.0858016372702632

