
start_x = 0.5300773687709289
start_y = -0.23091701967741984
start_theta = 2.2883838920196498

goal_x = 0.5484255449662625
goal_y = 1.5029695890917119
goal_theta = 0.7771024312809657

obs.0.x = 1.0264692183457158
obs.0.y = 0.7185462645373557
obs.0.theta = 0.3783440626474263

obs.1.x = -0.13702926928430287
obs.1.y = 0.7431028829581685
obs.1.theta = -0.48071414439794197

