
start_x = 0.6624007788717305
start_y = -0.28496066739422776
start_theta = 2.132405609178357

goal_x = 0.2130835472781772
goal_y = 1.5747153552958761
goal_theta = 2.147343621314283

obs.0.x = 0.928478491607732
obs.0.y = 0.8436950456182561
obs.0.theta = -2.8006971593081076

obs.1.x = -0.21232414056942017
obs.1.y = 0.781581887499484
obs.1.theta = -1.2771927110152967

