
start_x = 0.6694135478975392
start_y = -0.28179813693404276
start_theta = 2.1297864928338033

goal_x = 0.8299227066948682
goal_y = 1.5445758242748415
goal_theta = -2.7027551658761895

obs.0.x = 1.0219159018822817
obs.0.y = 0.6813731940263716
obs.0.theta = 3.040936719264962

obs.1.x = -0.17787850076556838
obs.1.y = 0.8339444496703954
obs.1.theta = 3.0875064459053454

