
start_x = 0.6699514238064794
start_y = -0.2773710058117309
start_theta = 2.104683151757113

goal_x = 0.26381987889223024
goal_y = 1.4132265075701986
goal_theta = 3.0112528821778475

obs.0.x = 1.0815903920010266
obs.0.y = 1.2904354912419551
obs.0.theta = -0.4680603058533178

obs.1.x = 0.0017722745797072448
obs.1.y = 0.6707142532052299
obs.1.theta = -2.4764004565399023

