
start_x = 1.0189840733627382
start_y = -0.2228658178470454
start_theta = 1.8770182095522316

goal_x = 0.5999797922755783
goal_y = 1.3078828427389264
goal_theta = -1.6660048321039358

obs.0.x = 1.103111523251405
obs.0.y = 0.6278298688271828
obs.0.theta = -0.5903114674361637

obs.1.x = -0.13864461335760825
obs.1.y = 0.7448545876412687
obs.1.theta = -0.4779835041021563

