
start_x = 1.0138914030000417
start_y = -0.22639378550746514
start_theta = 1.8775550986427465

goal_x = 0.5996808826784144
goal_y = 1.3056738844200482
goal_theta = -1.6647691525266863

obs.0.x = 1.1068904236040678
obs.0.y = 0.6753188404065753
obs.0.theta = 0.9556396587663575

obs.1.x = -0.14948359319277005
obs.1.y = 0.71927513430154
obs.1.theta = -1.0593706324758017

