
start_x = 0.6616796188083776
start_y = -0.28559748051072775
start_theta = 2.1355484969043688

goal_x = 0.8489062301469104
goal_y = 1.4453202233168478
goal_theta = 0.8776770231536353

obs.0.x = 0.9492023552019734
obs.0.y = 0.5821169935926831
obs.0.theta = -2.3552567047731503

obs.1.x = -0.1547856337037931
obs.1.y = 0.881543518051783
obs.1.theta = -1.803666347562333

