
start_x = 0.6605870765018285
start_y = -0.2512334069300374
start_theta = 2.043914748843889

goal_x = 0.08833214369091619
goal_y = 1.5457559409066743
goal_theta = -1.1469987794334975

obs.0.x = 1.0142859665327923
obs.0.y = 0.6776157567256735
obs.0.theta = 3.047022374269643

obs.1.x = -0.1810154580307018
obs.1.y = 0.8311950389750178
obs.1.theta = 3.091635506166388

