
start_x = 1.0487336655409378
start_y = -0.18896912645955588
start_theta = 2.1620922784565693

goal_x = 1.1424857676333027
goal_y = 1.3536357914569954
goal_theta = -2.198326463412461

obs.0.x = 1.2183406980643186
obs.0.y = 0.4980702237001662
obs.0.theta = -0.019108425460444566

obs.1.x = -0.08153831538475936
obs.1.y = 0.9576337994707209
obs.1.theta = -2.8060662966061543

