
start_x = 0.6396486528491234
start_y = -0.18550410189967426
start_theta = 3.0733756802666488

goal_x = 0.39729490888241675
goal_y = 1.5349426156340207
goal_theta = -0.87848013601351

obs.0.x = 1.1723951153177046
obs.0.y = 0.5854006418262445
obs.0.theta = 0.623416601072766

obs.1.x = -0.054441527706422355
obs.1.y = 0.681862391561781
obs.1.theta = -2.086493113083012

