
start_x = 1.0494526083099223
start_y = -0.1883466460709653
start_theta = 2.161541073417827

goal_x = 0.6420505066233206
goal_y = 1.56886380207208
goal_theta = -1.035908421056246

obs.0.x = 1.2158403680593037
obs.0.y = 0.49441932954690215
obs.0.theta = -0.01577860291565928

obs.1.x = -0.0822071395021336
obs.1.y = 0.9617067296767623
obs.1.theta = -2.8055973057494707

