
start_x = 0.530872066652754
start_y = -0.22718780480207967
start_theta = 2.2890006560603413

goal_x = 0.116657613450564
goal_y = 1.7013522118389506
goal_theta = 0.7878183766126163

obs.0.x = 0.9506608575889521
obs.0.y = 0.5590462308387509
obs.0.theta = -0.4587892656765472

obs.1.x = -0.15933040016057473
obs.1.y = 0.7072025959324904
obs.1.theta = 0.12172059459399619

