
start_x = 0.530926066939298
start_y = -0.22690326976803354
start_theta = 2.288738849920329

goal_x = 0.7883876651052728
goal_y = 1.118573443532545
goal_theta = 1.2288994538211937

obs.0.x = 0.95186712480369
obs.0.y = 0.5593060126869727
obs.0.theta = -0.46064943361390753

obs.1.x = -0.17516074981580768
obs.1.y = 0.7049250457789744
obs.1.theta = 1.492821421477167

