
start_x = 0.6661285367397727
start_y = -0.24748005125941708
start_theta = 2.043070235128197

goal_x = 0.45105379532639206
goal_y = 1.4352721494552292
goal_theta = 3.0470647199736507

obs.0.x = 1.023396606676467
obs.0.y = 0.6814478350840758
obs.0.theta = 3.0470850679512145

obs.1.x = -0.17829089546555293
obs.1.y = 0.8363478102905575
obs.1.theta = 3.090894151161366

