
start_x = 0.5233785507579943
start_y = -0.2326388932024741
start_theta = 2.2879324647084123

goal_x = 0.7868704156960042
goal_y = 1.1156335933172277
goal_theta = 1.2300166426917662

obs.0.x = 0.9406342556781218
obs.0.y = 0.5536731663010985
obs.0.theta = -0.46080550290985933

obs.1.x = -0.16232199953783305
obs.1.y = 0.7044762078907434
obs.1.theta = 0.12037296679531123

