
start_x = 0.6381923360197144
start_y = -0.18555286335057775
start_theta = 3.073142755633076

goal_x = 0.9082041899373998
goal_y = 1.3914758869845418
goal_theta = -0.9771562899247245

obs.0.x = 1.2114946668841553
obs.0.y = 0.49708321438805503
obs.0.theta = -0.00869202954103656

obs.1.x = -0.06879040823689542
obs.1.y = 0.9796952029878774
obs.1.theta = -1.9612841699879469

