
start_x = 0.6398437121747842
start_y = -0.18349186822010377
start_theta = 3.075410503241528

goal_x = 1.1240801423224955
goal_y = 1.0953491675946883
goal_theta = -2.9473320703579104

obs.0.x = 1.1738945781431562
obs.0.y = 0.4034755785587214
obs.0.theta = 1.5350754262484114

obs.1.x = -0.05427081343864498
obs.1.y = 0.6820638424536238
obs.1.theta = -2.084561886337143

