
start_x = 0.6707637882480715
start_y = -0.279177532622054
start_theta = 2.132778072332672

goal_x = 0.19053230989148645
goal_y = 1.7738999862684581
goal_theta = -3.047172511768588

obs.0.x = 1.0198317567942672
obs.0.y = 0.6830873786333522
obs.0.theta = 3.0448342105573856

obs.1.x = -0.18091853642254174
obs.1.y = 0.8362317741925762
obs.1.theta = 3.091990134634331

