
start_x = 0.6400872586006328
start_y = -0.18529307871869372
start_theta = 3.0735581969187136

goal_x = 0.39705581469281137
goal_y = 1.5304646041488597
goal_theta = -0.8805183062787335

obs.0.x = 1.221928411904484
obs.0.y = 0.7548961529133735
obs.0.theta = -0.01299186662137457

obs.1.x = -0.05506387104656396
obs.1.y = 0.6864858223393699
obs.1.theta = -2.088166507109093

