
start_x = 0.6744163288021552
start_y = -0.2762177406102947
start_theta = 2.1341848688047125

goal_x = 0.19054893921985522
goal_y = 1.773606443648746
goal_theta = -3.054372708634805

obs.0.x = 1.023612974116534
obs.0.y = 0.6804284179507238
obs.0.theta = 3.0465897510853215

obs.1.x = -0.08138138935007677
obs.1.y = 0.8852149382199672
obs.1.theta = -2.173036981216014

