
start_x = 0.6653746001023575
start_y = -0.28163136573380887
start_theta = 2.13373506075633

goal_x = 0.19136819091412766
goal_y = 1.7610399890449153
goal_theta = -3.0531209098624426

obs.0.x = 0.9547770365334514
obs.0.y = 0.586887204912832
obs.0.theta = -2.354311915397993

obs.1.x = -0.15380840450186117
obs.1.y = 0.8859461741949912
obs.1.theta = -1.8028184503189288

