
start_x = 0.6736795366187233
start_y = -0.2753384835423367
start_theta = 2.134031644266964

goal_x = 0.2496866650112432
goal_y = 1.4684970164546096
goal_theta = -2.8912252142306993

obs.0.x = 1.0224584613688128
obs.0.y = 0.684690778500679
obs.0.theta = 3.0465469023562313

obs.1.x = -0.18056942671690318
obs.1.y = 0.838318022866323
obs.1.theta = 3.0918919068589177

