
start_x = 0.6580812558845439
start_y = -0.287897839324593
start_theta = 2.133179515450499

goal_x = 0.1934443900317408
goal_y = 1.6431273296511775
goal_theta = 1.7023612721660135

obs.0.x = 0.9175985730105414
obs.0.y = 0.6205136447447108
obs.0.theta = 2.4512769483897676

obs.1.x = -0.2236571644978138
obs.1.y = 0.8468500449247853
obs.1.theta = -1.9375148233838277

