
start_x = 0.6641459563486445
start_y = -0.28310716068632213
start_theta = 2.1328633261043306

goal_x = 0.2116986045598811
goal_y = 1.573629426873748
goal_theta = 2.145742067136084

obs.0.x = 0.8825829932822394
obs.0.y = 0.7208206706084177
obs.0.theta = 3.0338068452443707

obs.1.x = -0.21264852851536975
obs.1.y = 0.7829332255925638
obs.1.theta = -1.276409433983721

