
start_x = 0.6593728008499299
start_y = -0.2863765411653333
start_theta = 2.1337907768935884

goal_x = -0.05577856017100169
goal_y = 1.308602870950141
goal_theta = 2.586451921816606

obs.0.x = 0.9649090069956586
obs.0.y = 0.8449036568899748
obs.0.theta = 1.4836712795120617

obs.1.x = -0.1577850342265667
obs.1.y = 0.6416432334024964
obs.1.theta = 3.0610254743607506

