
start_x = 0.6453806116307759
start_y = -0.18178180433763824
start_theta = 3.0723699228212373

goal_x = 0.8296058412262178
goal_y = 1.290791389120673
goal_theta = -2.0623982037881694

obs.0.x = 1.2321656045278182
obs.0.y = 0.7608570921633702
obs.0.theta = -0.014304759331379518

obs.1.x = -0.05159993304165139
obs.1.y = 0.6865044817223571
obs.1.theta = -2.086537165009151

