
start_x = 1.0399422252773112
start_y = -0.19524661591876735
start_theta = 2.163162456955138

goal_x = 0.9192811221379811
goal_y = 1.4010666906027036
goal_theta = -0.9885004830808856

obs.0.x = 1.202556524341697
obs.0.y = 0.49042796816389234
obs.0.theta = -0.01691505764346675

obs.1.x = -0.07271744928322821
obs.1.y = 0.9837476743041149
obs.1.theta = -1.9654350940011545

