
start_x = 0.6408251130827257
start_y = -0.18344229429991765
start_theta = 3.0752712830764644

goal_x = 1.123851940455219
goal_y = 1.101411694678408
goal_theta = -2.9471430318027716

obs.0.x = 1.2168486027118994
obs.0.y = 0.2896357936777967
obs.0.theta = -0.10991463433653259

obs.1.x = 0.04986321381175318
obs.1.y = 1.0912941678718082
obs.1.theta = -2.249149166880814

