
start_x = 1.0375522668835822
start_y = -0.19601895679877734
start_theta = 2.161598580931654

goal_x = 0.4208356123454564
goal_y = 1.4267154164132243
goal_theta = -2.1913512963702804

obs.0.x = 1.2118777484080212
obs.0.y = 0.6992320504237963
obs.0.theta = 0.42155791552849925

obs.1.x = -0.16961910198510338
obs.1.y = 0.731981138286611
obs.1.theta = -2.5570159903575282

