
start_x = 1.046130000459598
start_y = -0.1905797486032893
start_theta = 2.163342034159532

goal_x = 0.6421409011894101
goal_y = 1.5757897036558808
goal_theta = -1.03444084181988

obs.0.x = 1.2121923669113064
obs.0.y = 0.49467077680294347
obs.0.theta = -0.014613579198463714

obs.1.x = -0.06837954414009684
obs.1.y = 0.9864174632286902
obs.1.theta = -1.9659145391462978

