
start_x = 0.6407622724767489
start_y = -0.18311035971650746
start_theta = 3.0739539045143545

goal_x = 0.5175477639691128
goal_y = 1.6611956177150502
goal_theta = -2.44171899842134

obs.0.x = 1.3083574114930516
obs.0.y = 0.42454386260858
obs.0.theta = 0.7915014524986683

obs.1.x = -0.06763562815215018
obs.1.y = 0.9752461016627563
obs.1.theta = -1.9621093717837015

