
start_x = 0.5282692324183169
start_y = -0.23097906144247404
start_theta = 2.2886392759269163

goal_x = 0.1430260751370985
goal_y = 1.491448723440859
goal_theta = 2.1349726892427845

obs.0.x = 1.0233886934477234
obs.0.y = 0.7153161548272513
obs.0.theta = 0.37663872442225665

obs.1.x = -0.15938964008774656
obs.1.y = 0.7045652245838891
obs.1.theta = 0.11997872195781888

