
start_x = 0.6723849356629774
start_y = -0.2763452457768165
start_theta = 2.1030852762592613

goal_x = 0.3596736581246112
goal_y = 1.3932874909333453
goal_theta = 2.1798284791893576

obs.0.x = 1.0375877728998084
obs.0.y = 0.5860654932532741
obs.0.theta = 0.4027804760434939

obs.1.x = -0.1562044039649767
obs.1.y = 0.6540880004187823
obs.1.theta = 3.0676828081059635

