
start_x = 0.6689565570745482
start_y = -0.27960278449877496
start_theta = 2.1338876273850804

goal_x = 0.18931433165376138
goal_y = 1.772062580290893
goal_theta = -3.050701555106221

obs.0.x = 1.0153580486360674
obs.0.y = 0.6810345731522471
obs.0.theta = 3.0474089626255996

obs.1.x = -0.14153788610838175
obs.1.y = 0.8646121781572229
obs.1.theta = -2.542887161512723

