
start_x = 0.5266739941873133
start_y = -0.23113025511703844
start_theta = 2.2899715920459713

goal_x = 0.1418735970631469
goal_y = 1.485771595138206
goal_theta = 2.13347869189635

obs.0.x = 0.9448307600628543
obs.0.y = 0.555351396608694
obs.0.theta = -0.46254795947178434

obs.1.x = -0.16083076482136566
obs.1.y = 0.7049762045456998
obs.1.theta = 0.11898195203918831

