
start_x = 0.6654708158560334
start_y = -0.2829066705779689
start_theta = 2.132971245240128

goal_x = 0.6829492778082011
goal_y = 1.5463811567899193
goal_theta = 1.986028249223041

obs.0.x = 0.9563940131512423
obs.0.y = 0.585923809121141
obs.0.theta = -2.3563441886932392

obs.1.x = -0.15282593620531498
obs.1.y = 0.8874573991580939
obs.1.theta = -1.8046893817137124

