
start_x = 0.6401843241782657
start_y = -0.18600479775185064
start_theta = 3.073678553289358

goal_x = 0.2619653582989696
goal_y = 1.4002127406753262
goal_theta = 3.009730663588102

obs.0.x = 1.2218939168783878
obs.0.y = 0.7573419912468919
obs.0.theta = -0.014805106121134313

obs.1.x = -0.05516492931120115
obs.1.y = 0.6818722966413191
obs.1.theta = -2.0843348728119167

