
start_x = 0.5277918473323517
start_y = -0.23040384767123223
start_theta = 2.2885742722555027

goal_x = -0.05438092049312365
goal_y = 1.5898977035850173
goal_theta = 0.6157394951897498

obs.0.x = 0.9478444784225466
obs.0.y = 0.5033035380023883
obs.0.theta = -0.729661810222087

obs.1.x = -0.1582833945843934
obs.1.y = 0.7139118227053991
obs.1.theta = 1.1720000054711373

