
start_x = 1.0354721814062846
start_y = -0.19745212896853936
start_theta = 2.163976474011468

goal_x = 0.4176775264874589
goal_y = 1.4387226550023924
goal_theta = -2.1875891380593266

obs.0.x = 1.1937171266304312
obs.0.y = 0.4828207940447966
obs.0.theta = -0.011186973641413942

obs.1.x = -0.08942688847805072
obs.1.y = 0.9472640518256341
obs.1.theta = -2.8047498288270214

