
start_x = 0.6712060126858697
start_y = -0.2745086784115798
start_theta = 2.1060882006259805

goal_x = 0.0948418103443176
goal_y = 1.666045900245266
goal_theta = 1.0644793674538064

obs.0.x = 0.932352350360769
obs.0.y = 0.5879037560195504
obs.0.theta = 0.6239321482671708

obs.1.x = -0.2279224658671215
obs.1.y = 0.739416179577175
obs.1.theta = 1.7392002896203926

