
start_x = 0.5372249390253829
start_y = -0.13204656220390276
start_theta = 2.0814313731491008

goal_x = 0.6049068709496983
goal_y = 1.4012844026532374
goal_theta = 0.8886597933386106

obs.0.x = 0.9619078801985992
obs.0.y = 0.5682992603976973
obs.0.theta = 0.18294849092759713

obs.1.x = -0.2835745350399051
obs.1.y = 0.9496615740030778
obs.1.theta = -1.6262197784370878

