
start_x = 0.5905662048580915
start_y = -0.18017846824590655
start_theta = 1.6120870937056353

goal_x = 0.2783811338410691
goal_y = 1.6426110452841451
goal_theta = 0.7219615085184662

obs.0.x = 0.9292639325742416
obs.0.y = 0.5824457245325212
obs.0.theta = 0.6228985607160331

obs.1.x = -0.2261796486124839
obs.1.y = 0.7373077294525776
obs.1.theta = 1.7369449183925165

