
start_x = 0.4986434048876145
start_y = -0.04413144071352593
start_theta = 2.3353757856272956

goal_x = 0.6054127801832294
goal_y = 1.4220295550134892
goal_theta = 0.8919021386224756

obs.0.x = 0.9679354286686932
obs.0.y = 0.5740045448909459
obs.0.theta = 0.18397948648011223

obs.1.x = -0.21442810973022897
obs.1.y = 0.8606093108019714
obs.1.theta = -1.5724997933741702

