
start_x = 0.6503223041807532
start_y = -0.05118658496229023
start_theta = 1.9641457063188466

goal_x = 0.6050337377900419
goal_y = 1.411559939716062
goal_theta = 0.8939748737027061

obs.0.x = 0.9609986194242548
obs.0.y = 0.5245992181151404
obs.0.theta = 0.44814872837308006

obs.1.x = -0.2879983137936304
obs.1.y = 0.7483986395660289
obs.1.theta = -1.5621822548881872

