
start_x = 0.6047467623464836
start_y = -0.267848647921208
start_theta = 2.015365710414656

goal_x = 0.5969690216083281
goal_y = 1.4782695135358834
goal_theta = 0.7601491271789365

obs.0.x = 0.9654223416196288
obs.0.y = 0.5286797914314729
obs.0.theta = 0.4456541886213788

obs.1.x = -0.26873184598173006
obs.1.y = 0.8765788225351923
obs.1.theta = -1.9661360085317532

