start_x = 0.7498770106787108
start_y = -0.24810901191834833
start_theta = 1.4432737943791416

goal_x = 0.23600945649852278
goal_y = 1.6179432139941385
goal_theta = 0.7006114104457278

obs.0.x = 1.0062992438596934
obs.0.y = 0.510205243151397
obs.0.theta = -0.10591303839249241

obs.1.x = -0.15875195864824337
obs.1.y = 0.8735507920703471
obs.1.theta = -2.273824882930323


