run_idx=4006
seed=601
success=1
process_exit_code=0
path_length_m=1.904927
wall_runtime_s=62.821411
