run_idx=4007
seed=701
success=1
process_exit_code=0
path_length_m=1.942378
wall_runtime_s=43.875001
