
start_x = 0.9586971584649229
start_y = -0.289525367045267
start_theta = 1.2860207864811632

goal_x = 0.8836509754248384
goal_y = 1.6336535155679417
goal_theta = 0.9902609151831339

obs.0.x = 1.239161300197988
obs.0.y = 0.6948071858462592
obs.0.theta = -2.798927288088679

obs.1.x = -0.012950172331595122
obs.1.y = 0.7788469767434305
obs.1.theta = -2.05944535323178

