run_idx=3010
seed=1009
success=1
process_exit_code=0
path_length_m=2.000000
wall_runtime_s=0.008372
