run_idx=4004
seed=401
success=1
process_exit_code=0
path_length_m=1.874805
wall_runtime_s=42.793866
