start_x = 0.61097886459426
start_y = -0.22833767148899575
start_theta = 1.7220369853748414

goal_x = 0.6061830968799709
goal_y = 1.4974851781540073
goal_theta = 0.8175758103796874

obs.0.x = 0.9811157494096026
obs.0.y = 0.47130908227113943
obs.0.theta = -0.09063378169640764

obs.1.x = -0.1996985176156028
obs.1.y = 0.8355519042841446
obs.1.theta = -1.591404830785332

